1,1,120.75,332.7,134.85,60.5,1,1,1.0
1,2,208.5,250.8,95.19999999999999,40.50999999999999,1,1,1.0
1,3,731.41,266.46,74.34000000000003,38.43000000000001,1,1,1.0
2,1,99.87,336.46,134.85,60.5,1,1,1.0
2,2,208.48,250.84,95.22999999999999,40.48999999999998,1,1,1.0
2,3,719.28,267.81,74.33000000000004,38.420000000000016,1,1,1.0
3,1,73.98,340.2,141.51999999999998,61.400000000000034,1,1,1.0
3,2,208.46,250.88,95.26000000000002,40.47000000000003,1,1,1.0
3,3,707.17,271.15,74.33000000000004,38.43000000000001,1,1,1.0
4,1,47.4,344.1,144.9,63.48999999999995,1,1,1.0
4,2,208.43,250.92,95.31,40.440000000000026,1,1,1.0
4,3,692.29,270.7,76.21000000000004,40.5,1,1,1.0
5,1,23.72,347.0,144.9,63.49000000000001,1,1,1.0
5,2,208.41,250.95,95.34,40.43000000000001,1,1,1.0
5,3,679.72,273.6,76.22000000000003,40.5,1,1,1.0
6,1,0.0,351.83,145.91,63.49000000000001,1,1,1.0
6,2,208.39,250.99,95.37,40.40999999999997,1,1,1.0
6,3,665.23,275.05,76.21000000000004,40.5,1,1,1.0
7,1,0.0,357.15,125.1,63.48000000000002,1,1,1.0
7,2,208.37,251.03,95.39999999999998,40.380000000000024,1,1,1.0
7,3,648.2,277.95,82.69999999999993,40.5,1,1,1.0
8,1,0.0,357.9,100.2,69.60000000000002,1,1,1.0
8,2,208.35,251.06,95.44000000000003,40.370000000000005,1,1,1.0
8,3,636.07,278.49,79.5,41.81,1,1,1.0
9,1,0.0,362.6,78.9,58.39999999999998,1,1,1.0
9,2,208.32,251.1,95.48000000000002,40.349999999999994,1,1,1.0
9,3,620.38,281.15,82.21000000000004,41.81,1,1,1.0
10,1,0.0,362.6,52.2,58.39999999999998,1,1,1.0
10,2,208.3,251.14,95.50999999999999,40.33000000000004,1,1,1.0
10,3,604.21,281.15,84.68999999999994,44.950000000000045,1,1,1.0
11,1,0.0,370.68,28.0,58.39999999999998,1,1,1.0
11,2,208.28,251.18,95.53999999999999,40.30000000000001,1,1,1.0
11,3,588.05,284.88,85.85000000000002,44.94999999999999,1,1,1.0
12,2,208.26,251.21,95.57999999999998,40.28999999999999,1,1,1.0
12,3,574.0,287.69,85.85000000000002,44.94999999999999,1,1,1.0
13,2,208.24,251.25,95.61000000000001,40.26999999999998,1,1,1.0
13,3,561.16,287.69,85.85000000000002,44.94999999999999,1,1,1.0
14,2,208.21,251.29,95.65,40.23999999999998,1,1,1.0
14,3,544.62,291.55,85.86000000000001,44.94999999999999,1,1,1.0
15,2,208.19,251.32,95.68,40.23000000000002,1,1,1.0
15,3,527.55,292.4,90.35000000000002,47.51000000000005,1,1,1.0
16,2,208.17,251.36,95.71000000000001,40.20999999999998,1,1,1.0
16,3,508.4,295.6,92.27999999999997,45.589999999999975,1,1,1.0
17,2,208.15,251.4,95.74999999999997,40.17999999999998,1,1,1.0
17,3,491.82,298.15,92.28000000000003,45.59000000000003,1,1,1.0
18,2,208.13,251.44,95.78000000000003,40.160000000000025,1,1,1.0
18,3,473.89,299.5,94.71000000000004,50.30000000000001,1,1,1.0
19,2,208.1,251.47,95.82000000000002,40.150000000000006,1,1,1.0
19,3,457.22,303.79,97.57999999999993,50.299999999999955,1,1,1.0
20,2,208.08,251.51,95.85,40.120000000000005,1,1,1.0
20,3,441.98,304.26,92.81999999999994,52.24000000000001,1,1,1.0
21,2,208.06,251.55,95.88999999999999,40.099999999999966,1,1,1.0
21,3,424.35,306.17,100.44999999999993,52.24000000000001,1,1,1.0
22,2,208.04,251.59,95.91999999999999,40.08000000000001,1,1,1.0
22,3,406.73,309.5,101.87,52.24000000000001,1,1,1.0
23,2,208.02,251.62,95.95000000000002,40.06,1,1,1.0
23,3,389.02,313.93,101.87,52.24000000000001,1,1,1.0
24,2,207.99,251.66,95.99000000000001,40.03999999999999,1,1,1.0
24,3,368.01,315.8,105.69,56.099999999999966,1,1,1.0
25,2,207.97,251.7,96.03,40.02000000000004,1,1,1.0
25,3,347.61,318.55,108.99000000000001,57.75,1,1,1.0
26,2,207.95,251.73,96.06,40.01000000000002,1,1,1.0
26,3,327.77,321.31,111.23000000000002,59.389999999999986,1,1,1.0
27,2,207.93,251.77,96.08999999999997,39.97999999999999,1,1,1.0
27,3,308.48,325.7,114.51999999999998,59.400000000000034,1,1,1.0
28,2,207.91,251.81,96.11999999999998,39.95999999999998,1,1,1.0
28,3,287.82,328.65,116.38,60.650000000000034,1,1,1.0
29,2,207.88,251.85,96.17000000000002,39.940000000000026,1,1,1.0
29,3,263.84,334.2,120.66000000000003,60.60000000000002,1,1,1.0
30,2,207.86,251.88,96.19999999999999,39.920000000000016,1,1,1.0
30,3,244.46,337.58,121.93999999999997,61.22000000000003,1,1,1.0
31,2,207.84,251.92,96.22999999999999,39.900000000000006,1,1,1.0
31,3,221.4,338.81,124.70000000000002,63.69,1,1,1.0
32,2,207.82,251.96,96.25999999999999,39.87999999999997,1,1,1.0
32,3,198.6,344.3,129.4,62.81,1,1,1.0
33,2,207.8,251.99,96.28999999999996,39.860000000000014,1,1,1.0
33,3,175.54,347.99,130.06000000000003,65.00999999999999,1,1,1.0
34,2,207.77,252.03,96.34,39.84,1,1,1.0
34,3,149.6,353.68,138.20000000000002,65.00999999999999,1,1,1.0
35,2,207.75,252.07,96.37,39.81999999999999,1,1,1.0
35,3,125.76,355.8,139.94,67.51999999999998,1,1,1.0
36,2,207.73,252.11,96.4,39.789999999999964,1,1,1.0
36,3,99.78,359.71,144.22,69.99000000000001,1,1,1.0
37,2,207.71,252.14,96.42999999999998,39.78000000000003,1,1,1.0
37,3,73.45,365.41,148.14999999999998,69.97999999999996,1,1,1.0
38,2,207.69,252.18,96.47000000000003,39.75999999999999,1,1,1.0
38,3,44.79,369.82,153.71,69.98000000000002,1,1,1.0
39,2,207.66,252.22,96.51000000000002,39.72999999999999,1,1,1.0
39,3,17.0,374.5,157.8,72.5,1,1,1.0
40,2,207.64,252.25,96.54000000000002,39.72000000000003,1,1,1.0
40,3,0.0,380.08,151.9,73.82,1,1,1.0
41,2,207.62,252.29,96.57,39.70000000000002,1,1,1.0
41,3,0.0,380.08,127.6,82.42000000000002,1,1,1.0
42,2,207.6,252.33,96.60999999999999,39.67999999999998,1,1,1.0
42,3,0.0,385.8,102.8,82.39999999999998,1,1,1.0
43,2,207.58,252.37,96.64000000000001,39.64999999999998,1,1,1.0
43,3,0.0,392.9,78.0,64.80000000000001,1,1,1.0
44,2,207.55,252.4,96.68,39.640000000000015,1,1,1.0
44,3,0.48,406.24,49.42,56.65999999999997,1,1,1.0
45,2,207.53,252.44,96.71000000000001,39.620000000000005,1,1,1.0
45,3,0.48,419.5,22.919999999999998,47.30000000000001,1,1,1.0
46,2,207.51,252.48,96.74000000000001,39.59,1,1,1.0
47,2,207.49,252.52,96.77999999999997,39.569999999999965,1,1,1.0
48,2,207.47,252.55,96.80999999999997,39.56,1,1,1.0
49,2,207.44,252.59,96.85000000000002,39.53,1,1,1.0
50,2,207.42,252.63,96.88000000000002,39.50999999999999,1,1,1.0
51,2,207.4,252.66,96.91999999999999,39.50000000000003,1,1,1.0
52,2,207.38,252.7,96.94999999999999,39.47000000000003,1,1,1.0
52,4,948.46,228.21,11.539999999999964,57.67999999999998,1,1,1.0
53,2,207.36,252.74,96.97999999999996,39.44999999999999,1,1,1.0
53,4,945.5,225.8,14.5,60.089999999999975,1,1,1.0
54,2,207.33,252.78,97.02000000000001,39.42999999999998,1,1,1.0
54,4,940.5,225.8,19.5,60.089999999999975,1,1,1.0
55,2,207.31,252.81,97.06,39.410000000000025,1,1,1.0
55,4,937.6,225.49,22.399999999999977,63.110000000000014,1,1,1.0
56,2,207.29,252.85,97.09,39.390000000000015,1,1,1.0
56,4,932.8,225.49,27.200000000000045,64.45999999999998,1,1,1.0
57,2,207.27,252.89,97.11999999999998,39.370000000000005,1,1,1.0
57,4,928.1,225.49,31.899999999999977,65.81,1,1,1.0
58,2,207.25,252.92,97.14999999999998,39.349999999999994,1,1,1.0
58,4,923.7,225.49,36.299999999999955,66.81,1,1,1.0
59,2,207.22,252.96,97.19000000000003,39.33000000000001,1,1,1.0
59,4,918.5,225.49,41.5,68.31,1,1,1.0
60,2,207.2,253.0,97.23000000000002,39.31,1,1,1.0
60,4,913.3,225.49,46.700000000000045,70.40999999999997,1,1,1.0
61,2,207.18,253.04,97.25999999999999,39.28999999999999,1,1,1.0
61,4,908.7,225.49,51.299999999999955,70.70999999999998,1,1,1.0
62,2,207.16,253.07,97.28999999999999,39.26999999999998,1,1,1.0
62,4,903.2,225.49,56.799999999999955,72.81,1,1,1.0
63,2,207.14,253.11,97.32,39.25,1,1,1.0
63,4,898.0,225.49,62.0,74.31,1,1,1.0
64,2,207.11,253.15,97.37,39.22999999999999,1,1,1.0
64,4,891.6,225.49,68.39999999999998,75.20999999999998,1,1,1.0
65,2,207.09,253.18,97.4,39.20999999999998,1,1,1.0
65,4,885.8,225.49,74.20000000000005,75.81,1,1,1.0
66,2,207.07,253.22,97.43,39.190000000000026,1,1,1.0
66,4,880.6,225.49,79.39999999999998,79.20999999999998,1,1,1.0
67,2,207.05,253.26,97.45999999999998,39.170000000000016,1,1,1.0
67,4,873.0,225.49,87.0,79.20999999999998,1,1,1.0
68,2,207.03,253.3,97.49999999999997,39.139999999999986,1,1,1.0
68,4,867.8,225.49,92.20000000000005,79.20999999999998,1,1,1.0
69,2,207.0,253.33,97.54000000000002,39.12999999999997,1,1,1.0
69,4,861.4,225.49,98.60000000000002,84.11000000000001,1,1,1.0
70,2,206.98,253.37,97.57000000000002,39.110000000000014,1,1,1.0
70,4,855.1,226.4,104.89999999999998,83.20000000000002,1,1,1.0
71,2,206.96,253.41,97.6,39.08000000000001,1,1,1.0
71,4,847.5,227.3,112.5,82.30000000000001,1,1,1.0
72,2,206.94,253.45,97.63999999999999,39.06,1,1,1.0
72,4,840.8,227.9,119.20000000000005,83.65,1,1,1.0
73,2,206.92,253.48,97.66999999999999,39.04999999999998,1,1,1.0
73,4,834.1,228.5,125.89999999999998,85.0,1,1,1.0
74,2,206.89,253.52,97.71000000000004,39.02000000000001,1,1,1.0
74,4,827.4,230.1,132.60000000000002,86.20000000000002,1,1,1.0
75,2,206.87,253.56,97.74000000000001,39.0,1,1,1.0
75,4,819.5,230.5,140.5,85.80000000000001,1,1,1.0
76,2,206.85,253.59,97.77000000000001,38.98999999999998,1,1,1.0
76,4,811.5,232.5,148.5,87.39999999999998,1,1,1.0
77,2,206.83,253.63,97.80999999999997,38.97000000000003,1,1,1.0
77,4,804.25,231.68,155.75,89.80000000000001,1,1,1.0
78,2,206.81,253.67,97.83999999999997,38.940000000000026,1,1,1.0
78,4,796.2,234.5,162.0,89.60000000000002,1,1,1.0
79,2,206.78,253.71,97.88000000000002,38.91999999999999,1,1,1.0
79,4,788.2,235.2,164.39999999999998,91.30000000000001,1,1,1.0
80,2,206.76,253.74,97.91000000000003,38.90999999999997,1,1,1.0
80,4,779.8,236.1,166.30000000000007,92.9,1,1,1.0
81,2,206.74,253.78,97.94999999999999,38.880000000000024,1,1,1.0
81,4,770.4,237.7,172.39999999999998,92.90000000000003,1,1,1.0
82,2,206.72,253.82,97.97999999999999,38.860000000000014,1,1,1.0
82,4,761.54,238.45,175.01999999999998,94.19,1,1,1.0
83,2,206.7,253.85,98.00999999999999,38.849999999999994,1,1,1.0
83,4,752.68,239.2,177.6500000000001,95.48000000000002,1,1,1.0
83,5,930.72,238.64,8.480000000000018,32.49000000000001,1,1,1.0
84,2,206.67,253.89,98.05000000000004,38.81999999999999,1,1,1.0
84,4,743.82,239.95,180.26999999999998,96.75999999999999,1,1,1.0
84,5,924.03,239.7,8.480000000000018,32.48000000000002,1,1,1.0
85,2,206.65,253.93,98.09,38.80000000000001,1,1,1.0
85,4,734.96,240.7,182.89,98.05000000000001,1,1,1.0
85,5,887.7,240.4,38.82999999999993,32.48999999999998,1,1,1.0
86,2,206.63,253.97,98.12,38.78,1,1,1.0
86,4,726.1,241.45,185.51,99.34000000000003,1,1,1.0
86,5,881.0,241.46,38.84000000000003,32.47999999999999,1,1,1.0
87,2,206.61,254.0,98.14999999999998,38.75999999999999,1,1,1.0
87,4,716.13,242.2,189.25,100.63,1,1,1.0
87,5,875.25,242.17,37.610000000000014,32.47999999999999,1,1,1.0
88,2,206.59,254.04,98.17999999999998,38.73999999999998,1,1,1.0
88,4,706.17,242.95,192.97000000000003,101.91000000000003,1,1,1.0
88,5,869.5,242.88,36.379999999999995,32.48000000000002,1,1,1.0
89,2,206.56,254.08,98.21999999999997,38.72,1,1,1.0
89,4,696.2,243.7,196.69999999999993,103.19999999999999,1,1,1.0
89,5,861.85,243.59,38.18999999999994,32.47999999999999,1,1,1.0
90,2,206.54,254.12,98.26000000000002,38.69,1,1,1.0
90,4,685.78,244.63,199.86,105.26999999999998,1,1,1.0
90,5,854.2,244.29,40.0,32.48999999999998,1,1,1.0
91,2,206.52,254.15,98.28999999999999,38.67999999999998,1,1,1.0
91,4,675.36,245.56,203.02999999999997,107.33999999999997,1,1,1.0
91,5,846.7,245.0,42.39999999999998,32.49000000000001,1,1,1.0
92,2,206.5,254.19,98.32,38.660000000000025,1,1,1.0
92,4,664.94,246.49,206.18999999999994,109.40999999999997,1,1,1.0
92,5,837.8,245.71,43.49000000000001,32.48999999999998,1,1,1.0
93,2,206.48,254.23,98.35,38.640000000000015,1,1,1.0
93,4,654.53,247.41,209.34000000000003,111.48999999999998,1,1,1.0
93,5,828.8,246.42,44.680000000000064,32.49000000000004,1,1,1.0
94,2,206.45,254.26,98.40000000000003,38.620000000000005,1,1,1.0
94,4,644.11,248.34,212.5,113.55999999999997,1,1,1.0
94,5,816.5,247.13,49.16999999999996,32.48000000000002,1,1,1.0
95,2,206.43,254.3,98.43,38.599999999999966,1,1,1.0
95,4,633.69,249.27,215.66999999999996,115.62999999999997,1,1,1.0
95,5,811.0,247.84,46.860000000000014,32.47999999999999,1,1,1.0
96,2,206.41,254.34,98.46000000000001,38.58000000000001,1,1,1.0
96,4,623.27,250.2,218.83000000000004,117.69999999999999,1,1,1.0
96,5,800.6,248.55,49.44999999999993,32.47999999999996,1,1,1.0
97,2,206.39,254.38,98.49000000000001,38.55000000000001,1,1,1.0
97,4,610.18,251.85,224.56000000000006,119.04999999999998,1,1,1.0
97,5,787.9,248.28,52.33000000000004,32.47999999999999,1,1,1.0
98,2,206.37,254.41,98.52999999999997,38.53999999999999,1,1,1.0
98,4,597.1,253.5,230.27999999999997,120.39999999999998,1,1,1.0
98,5,778.3,248.0,52.120000000000005,32.49000000000001,1,1,1.0
99,2,206.34,254.45,98.57000000000002,38.52000000000004,1,1,1.0
99,4,583.89,255.18,234.87,122.30000000000001,1,1,1.0
99,5,765.96,248.81,55.25999999999999,30.730000000000018,1,1,1.0
100,2,206.32,254.49,98.60000000000002,38.49000000000001,1,1,1.0
100,4,570.68,256.86,239.46000000000004,124.19999999999999,1,1,1.0
100,5,753.62,249.61,58.389999999999986,28.97999999999996,1,1,1.0
100,6,526.0,268.33,88.5,36.99000000000001,1,1,1.0
101,2,206.3,254.52,98.63,38.47999999999999,1,1,1.0
101,4,557.46,258.54,244.05999999999995,126.09999999999997,1,1,1.0
101,5,741.28,250.41,61.52999999999997,27.22999999999999,1,1,1.0
101,6,512.13,268.82,90.40999999999997,37.20999999999998,1,1,1.0
102,2,206.41,254.56,98.53,38.48000000000002,1,1,1.0
102,4,544.25,260.22,248.65999999999997,128.0,1,1,1.0
102,5,728.94,251.21,64.66999999999996,25.47999999999999,1,1,1.0
102,6,498.26,269.31,92.32000000000005,37.43000000000001,1,1,1.0
103,2,206.51,254.6,98.44999999999999,38.48999999999998,1,1,1.0
103,4,531.04,261.9,253.25,129.90000000000003,1,1,1.0
103,5,716.6,252.02,67.80999999999995,23.72,1,1,1.0
103,6,484.39,269.8,94.22000000000003,37.64999999999998,1,1,1.0
104,2,206.62,254.64,98.35000000000002,38.49000000000001,1,1,1.0
104,4,517.83,263.58,257.8399999999999,131.8,1,1,1.0
104,5,704.26,252.82,70.94000000000005,21.970000000000027,1,1,1.0
104,6,470.52,270.29,96.13,37.870000000000005,1,1,1.0
105,2,206.72,254.67,98.26000000000002,38.50000000000003,1,1,1.0
105,4,504.62,265.26,262.42999999999995,133.7,1,1,1.0
105,5,691.92,253.62,74.08000000000004,20.230000000000018,1,1,1.0
105,6,456.65,270.78,98.04000000000008,38.09000000000003,1,1,1.0
105,7,945.8,226.1,14.200000000000045,40.359999999999985,1,1,1.0
106,2,206.83,254.71,98.16,38.49999999999997,1,1,1.0
106,4,491.4,266.94,267.0400000000001,135.60000000000002,1,1,1.0
106,5,679.58,254.43,75.04999999999995,18.46999999999997,1,1,1.0
106,6,442.78,271.27,99.95000000000005,38.31,1,1,1.0
106,7,941.6,224.9,18.399999999999977,42.22,1,1,1.0
107,2,206.93,254.75,98.07999999999998,38.50999999999999,1,1,1.0
107,4,478.19,268.62,271.63000000000005,137.5,1,1,1.0
107,5,667.24,255.23,76.02999999999997,16.72,1,1,1.0
107,6,428.91,271.76,101.84999999999997,38.53000000000003,1,1,1.0
107,7,937.4,223.7,22.600000000000023,44.06999999999999,1,1,1.0
108,2,207.04,254.78,97.97999999999999,38.52000000000001,1,1,1.0
108,4,464.98,270.3,276.22,139.39999999999998,1,1,1.0
108,5,654.9,256.03,77.0,14.970000000000027,1,1,1.0
108,6,415.04,272.25,103.75999999999993,38.75,1,1,1.0
108,7,933.2,222.5,26.799999999999955,45.920000000000016,1,1,1.0
109,2,207.14,254.82,97.88999999999999,38.51999999999998,1,1,1.0
109,4,446.66,271.77,283.91,142.68,1,1,1.0
109,5,640.14,256.66,80.07000000000005,16.66999999999996,1,1,1.0
109,6,400.31,273.43,104.74000000000001,38.45999999999998,1,1,1.0
109,7,929.0,221.3,31.0,47.77999999999997,1,1,1.0
110,2,207.25,254.86,97.79000000000002,38.52999999999997,1,1,1.0
110,4,428.34,273.24,291.6000000000001,145.95999999999998,1,1,1.0
110,5,625.38,257.29,83.14999999999998,18.370000000000005,1,1,1.0
110,6,385.57,274.6,105.73000000000002,38.17999999999995,1,1,1.0
110,7,924.8,220.1,35.200000000000045,49.630000000000024,1,1,1.0
111,2,207.35,254.9,97.71000000000001,38.53,1,1,1.0
111,4,410.03,274.71,299.2900000000001,149.24,1,1,1.0
111,5,610.62,257.92,86.22000000000003,20.069999999999993,1,1,1.0
111,6,370.84,275.78,106.71000000000004,37.89000000000004,1,1,1.0
111,7,920.6,218.9,39.39999999999998,51.47999999999999,1,1,1.0
112,2,207.46,254.93,97.60999999999999,38.54000000000002,1,1,1.0
112,4,391.71,276.18,306.9800000000001,152.51999999999998,1,1,1.0
112,5,595.86,258.56,89.29999999999995,21.75999999999999,1,1,1.0
112,6,356.1,276.95,107.69999999999999,37.610000000000014,1,1,1.0
112,7,916.4,217.7,43.60000000000002,53.34000000000003,1,1,1.0
113,2,207.56,254.97,97.51999999999998,38.53999999999999,1,1,1.0
113,4,373.39,277.65,314.66999999999996,155.8,1,1,1.0
113,5,581.1,259.19,92.37,23.45999999999998,1,1,1.0
113,6,341.37,278.13,108.68,37.31999999999999,1,1,1.0
113,7,912.2,216.5,47.799999999999955,55.19,1,1,1.0
114,2,207.67,255.01,97.41999999999999,38.55000000000001,1,1,1.0
114,4,355.07,279.12,322.35999999999996,159.07999999999998,1,1,1.0
114,5,566.34,259.82,95.44999999999993,25.160000000000025,1,1,1.0
114,6,326.64,279.3,109.66000000000003,37.039999999999964,1,1,1.0
114,7,908.0,215.3,52.0,57.05000000000001,1,1,1.0
115,2,207.77,255.04,97.34,38.56000000000003,1,1,1.0
115,4,336.75,280.59,330.04999999999995,162.36,1,1,1.0
115,5,551.58,260.45,98.51999999999998,26.860000000000014,1,1,1.0
115,6,311.9,280.48,110.65000000000003,36.75,1,1,1.0
115,7,903.8,214.1,56.200000000000045,58.900000000000006,1,1,1.0
116,2,207.88,255.08,97.13,38.569999999999965,1,1,1.0
116,4,318.44,282.06,337.73999999999995,165.64,1,1,1.0
116,5,536.82,261.08,99.75,28.560000000000002,1,1,1.0
116,6,297.17,281.65,111.63,36.47000000000003,1,1,1.0
116,7,898.42,214.59,61.58000000000004,58.900000000000006,1,1,1.0
117,2,207.98,255.12,96.93000000000004,38.56999999999999,1,1,1.0
117,4,300.12,283.53,345.42999999999995,168.92000000000002,1,1,1.0
117,5,522.06,261.71,100.98000000000002,30.260000000000048,1,1,1.0
117,6,282.43,282.83,112.62,36.18000000000001,1,1,1.0
117,7,893.05,215.08,66.95000000000005,58.900000000000006,1,1,1.0
118,2,208.09,255.16,96.72999999999999,38.58000000000001,1,1,1.0
118,4,281.8,285.0,353.11999999999995,172.2,1,1,1.0
118,5,507.3,262.34,102.20999999999998,31.960000000000036,1,1,1.0
118,6,267.7,284.0,113.60000000000002,35.89999999999998,1,1,1.0
118,7,887.67,215.56,72.33000000000004,58.89999999999998,1,1,1.0
119,2,208.19,255.19,96.53000000000003,38.589999999999975,1,1,1.0
119,4,257.27,287.37,364.20000000000005,176.73000000000002,1,1,1.0
119,5,492.85,263.04,103.66999999999996,33.14999999999998,1,1,1.0
119,6,250.73,285.26,114.72999999999999,36.47000000000003,1,1,1.0
119,7,882.29,216.05,73.80000000000007,58.89999999999998,1,1,1.0
120,2,208.3,255.23,96.32999999999998,38.599999999999994,1,1,1.0
120,4,232.74,289.74,375.28,181.26,1,1,1.0
120,5,478.41,263.73,105.12999999999994,34.349999999999966,1,1,1.0
120,6,233.76,286.52,115.86000000000001,37.04000000000002,1,1,1.0
120,7,876.92,216.54,75.25,58.900000000000006,1,1,1.0
121,2,208.4,255.27,96.12999999999997,38.599999999999994,1,1,1.0
121,4,208.21,292.11,386.3499999999999,185.78999999999996,1,1,1.0
121,5,463.96,264.43,106.58999999999997,35.54000000000002,1,1,1.0
121,6,216.79,287.78,116.98999999999998,37.610000000000014,1,1,1.0
121,7,871.54,217.03,76.72000000000003,58.900000000000006,1,1,1.0
122,2,208.51,255.31,95.93,38.610000000000014,1,1,1.0
122,4,183.68,294.48,397.43,190.32,1,1,1.0
122,5,449.51,265.12,108.04999999999995,36.74000000000001,1,1,1.0
122,6,199.82,289.04,118.12,38.18000000000001,1,1,1.0
122,7,866.16,217.52,78.18000000000006,58.900000000000006,1,1,1.0
123,2,208.61,255.34,95.72999999999996,38.619999999999976,1,1,1.0
123,4,159.15,296.85,408.51,194.84999999999997,1,1,1.0
123,5,435.06,265.82,109.51000000000005,37.93000000000001,1,1,1.0
123,6,182.85,290.3,119.25000000000003,38.75,1,1,1.0
123,7,860.78,218.01,79.64999999999998,58.900000000000034,1,1,1.0
124,2,208.72,255.38,95.53,38.629999999999995,1,1,1.0
124,4,134.62,299.22,419.59000000000003,199.38,1,1,1.0
124,5,420.62,266.52,110.97000000000003,39.120000000000005,1,1,1.0
124,6,165.88,291.56,120.38,39.31999999999999,1,1,1.0
124,7,855.41,218.5,81.10000000000002,58.89999999999998,1,1,1.0
125,2,208.82,255.42,95.32999999999998,38.630000000000024,1,1,1.0
125,4,110.09,301.59,430.66999999999996,203.91000000000003,1,1,1.0
125,5,406.17,267.21,112.43,40.31999999999999,1,1,1.0
125,6,148.91,292.82,121.51000000000002,39.889999999999986,1,1,1.0
125,7,850.03,218.99,82.57000000000005,58.89999999999998,1,1,1.0
126,2,208.93,255.45,95.13,38.650000000000034,1,1,1.0
126,4,85.56,303.96,441.73999999999995,208.44,1,1,1.0
126,5,391.72,267.91,113.00999999999999,41.50999999999999,1,1,1.0
126,6,131.94,294.08,122.64000000000001,40.460000000000036,1,1,1.0
126,7,843.68,219.48,83.35000000000002,59.26000000000002,1,1,1.0
127,2,209.03,255.49,94.92999999999998,38.64999999999998,1,1,1.0
127,4,61.03,306.33,452.82000000000005,212.96999999999997,1,1,1.0
127,5,377.28,268.6,113.59000000000003,42.70999999999998,1,1,1.0
127,6,114.97,295.34,123.77000000000001,41.03000000000003,1,1,1.0
127,7,837.32,219.97,84.13999999999999,59.619999999999976,1,1,1.0
128,2,209.14,255.53,94.73000000000002,38.66,1,1,1.0
128,4,36.5,308.7,463.9,217.50000000000006,1,1,1.0
128,5,362.83,269.3,114.17000000000002,43.89999999999998,1,1,1.0
128,6,98.0,296.6,124.9,41.599999999999966,1,1,1.0
128,7,830.97,220.45,84.91999999999996,59.99000000000001,1,1,1.0
129,2,209.24,255.57,94.52999999999997,38.660000000000025,1,1,1.0
129,4,31.4,311.66,452.46000000000004,216.50999999999993,1,1,1.0
129,5,346.95,270.31,115.69,44.410000000000025,1,1,1.0
129,6,84.0,298.07,121.38,42.56999999999999,1,1,1.0
129,7,824.61,220.94,85.71000000000004,60.35000000000002,1,1,1.0
130,2,209.35,255.6,94.33000000000001,38.67999999999998,1,1,1.0
130,4,26.3,314.61,441.01,215.52999999999997,1,1,1.0
130,5,331.07,271.32,117.20999999999998,44.920000000000016,1,1,1.0
130,6,70.0,299.54,117.86000000000001,43.549999999999955,1,1,1.0
130,7,818.26,221.43,86.49000000000001,60.70999999999998,1,1,1.0
131,2,209.45,255.64,94.13,38.68000000000001,1,1,1.0
131,4,21.2,317.57,429.57,214.54000000000002,1,1,1.0
131,5,315.19,272.33,118.73000000000002,45.43000000000001,1,1,1.0
131,6,56.0,301.01,114.34,44.51999999999998,1,1,1.0
131,7,811.9,221.92,87.27999999999997,61.08000000000001,1,1,1.0
132,2,209.56,255.68,93.93,38.69,1,1,1.0
132,4,16.1,320.53,418.13,213.56000000000006,1,1,1.0
132,5,299.32,273.34,120.24000000000001,45.94,1,1,1.0
132,6,42.0,302.48,110.82,45.49000000000001,1,1,1.0
132,7,805.55,222.41,88.06000000000006,61.440000000000026,1,1,1.0
133,2,209.66,255.71,93.72999999999999,38.70000000000002,1,1,1.0
133,4,11.0,323.49,406.69,212.56999999999994,1,1,1.0
133,5,283.44,274.35,121.75999999999999,46.44999999999999,1,1,1.0
133,6,28.0,303.95,107.30000000000001,46.460000000000036,1,1,1.0
133,7,799.19,222.9,88.84999999999991,61.79999999999998,1,1,1.0
134,2,209.77,255.75,93.53,38.70999999999998,1,1,1.0
134,4,5.9,326.44,395.24,211.58999999999997,1,1,1.0
134,5,267.56,275.36,123.27999999999997,46.95999999999998,1,1,1.0
134,6,14.0,305.42,103.78,47.44,1,1,1.0
134,7,792.84,223.39,89.63,62.160000000000025,1,1,1.0
135,2,209.87,255.79,93.32999999999998,38.71000000000001,1,1,1.0
135,4,0.8,329.4,383.8,210.60000000000002,1,1,1.0
135,5,251.68,276.37,124.80000000000001,47.46999999999997,1,1,1.0
135,6,0.0,306.89,100.26,48.410000000000025,1,1,1.0
135,7,786.48,223.88,90.41999999999996,62.51999999999998,1,1,1.0
135,8,686.74,519.67,106.33000000000004,20.33000000000004,1,1,1.0
136,2,209.98,255.83,93.95000000000002,34.23999999999998,1,1,1.0
136,4,0.53,333.43,366.87,206.57,1,1,1.0
136,5,235.81,277.38,126.31,47.98000000000002,1,1,1.0
136,6,0.25,308.36,82.49,46.139999999999986,1,1,1.0
136,7,779.13,224.34,91.73000000000002,62.66999999999999,1,1,1.0
136,8,694.52,514.18,111.51999999999998,25.74000000000001,1,1,1.0
137,2,210.08,255.86,94.58000000000001,29.769999999999982,1,1,1.0
137,4,0.27,337.46,349.93,202.54000000000002,1,1,1.0
137,5,219.93,278.39,127.82999999999998,48.49000000000001,1,1,1.0
137,6,0.51,309.83,64.71,43.870000000000005,1,1,1.0
137,7,771.77,224.81,93.05000000000007,62.81999999999999,1,1,1.0
137,8,702.3,508.68,116.71000000000004,31.160000000000025,1,1,1.0
138,2,210.19,255.9,95.19999999999999,25.299999999999983,1,1,1.0
138,4,0.0,341.49,333.0,198.51,1,1,1.0
138,5,204.05,279.4,129.34999999999997,49.0,1,1,1.0
138,6,0.76,311.3,46.940000000000005,41.599999999999966,1,1,1.0
138,7,764.41,225.27,94.37,62.97,1,1,1.0
138,8,710.08,503.19,121.89999999999998,36.56999999999999,1,1,1.0
139,2,210.19,255.9,95.19999999999999,29.400000000000006,1,1,1.0
139,4,0.0,345.33,310.64,194.67000000000002,1,1,1.0
139,5,186.68,280.98,129.34999999999997,49.0,1,1,1.0
139,6,0.76,315.7,28.84,37.19999999999999,1,1,1.0
139,7,757.06,225.74,95.68000000000006,63.120000000000005,1,1,1.0
139,8,717.86,497.69,127.10000000000002,42.00000000000006,1,1,1.0
140,2,210.19,255.9,95.19999999999999,33.49999999999997,1,1,1.0
140,4,0.0,349.17,288.29,190.82999999999998,1,1,1.0
140,5,169.31,282.56,129.35000000000002,49.00999999999999,1,1,1.0
140,6,0.76,322.8,7.540000000000001,25.69999999999999,1,1,1.0
140,7,749.7,226.2,97.0,63.27000000000004,1,1,1.0
140,8,725.64,492.2,132.28999999999996,47.410000000000025,1,1,1.0
141,2,210.19,255.9,95.19999999999999,37.599999999999994,1,1,1.0
141,4,0.0,353.01,265.93,186.99,1,1,1.0
141,5,152.25,281.79,131.75,53.20999999999998,1,1,1.0
141,7,743.0,226.2,97.29999999999995,63.27000000000004,1,1,1.0
141,8,733.42,486.7,137.48000000000002,52.829999999999984,1,1,1.0
142,2,210.19,255.9,95.12,37.87999999999997,1,1,1.0
142,4,0.0,356.85,243.57,183.14999999999998,1,1,1.0
142,5,134.93,282.61,133.39999999999998,52.610000000000014,1,1,1.0
142,7,734.47,226.45,98.48000000000002,63.78000000000003,1,1,1.0
142,8,743.08,482.08,134.99,57.54000000000002,1,1,1.0
143,2,210.19,255.9,95.04000000000002,38.16,1,1,1.0
143,4,0.0,360.69,221.21,179.31,1,1,1.0
143,5,117.6,283.42,135.07,52.00999999999999,1,1,1.0
143,7,725.93,226.7,99.67000000000007,64.29000000000002,1,1,1.0
143,8,752.75,477.46,132.49,62.26000000000005,1,1,1.0
144,2,210.19,255.9,94.95999999999998,38.43999999999997,1,1,1.0
144,4,0.0,364.54,198.86,175.45999999999998,1,1,1.0
144,5,100.28,284.24,136.72,51.40999999999997,1,1,1.0
144,7,717.4,226.95,100.85000000000002,64.80000000000001,1,1,1.0
144,8,762.42,472.84,129.99,66.96999999999997,1,1,1.0
145,2,210.19,255.9,94.88,38.72,1,1,1.0
145,4,0.0,368.38,176.5,171.62,1,1,1.0
145,5,82.69,285.59,137.41,54.910000000000025,1,1,1.0
145,7,708.86,227.2,102.03999999999996,65.32,1,1,1.0
145,8,772.09,468.22,127.49000000000001,71.68999999999994,1,1,1.0
146,2,210.19,255.9,94.80000000000001,38.99999999999997,1,1,1.0
146,4,0.0,372.22,151.03,167.77999999999997,1,1,1.0
146,5,65.1,286.93,137.9,56.26999999999998,1,1,1.0
146,7,700.33,227.45,103.21999999999991,65.82999999999998,1,1,1.0
146,8,781.76,463.6,124.99000000000001,76.39999999999998,1,1,1.0
147,2,210.19,255.9,94.72000000000003,39.28999999999999,1,1,1.0
147,4,0.0,376.06,125.57,163.94,1,1,1.0
147,5,46.87,287.5,140.73,59.80000000000001,1,1,1.0
147,7,691.8,227.7,104.40000000000009,66.34000000000003,1,1,1.0
147,8,791.43,458.98,122.49000000000001,77.24000000000001,1,1,1.0
148,2,210.19,255.9,94.63999999999999,39.57000000000002,1,1,1.0
148,4,0.0,379.9,100.1,160.10000000000002,1,1,1.0
148,5,28.6,289.88,141.87,58.81999999999999,1,1,1.0
148,7,683.26,227.95,105.59000000000003,66.85000000000002,1,1,1.0
148,8,801.09,454.36,120.0,78.08000000000004,1,1,1.0
149,2,210.19,255.9,94.56,39.849999999999994,1,1,1.0
149,5,19.22,291.29,134.3,59.68000000000001,1,1,1.0
149,7,674.73,228.2,106.76999999999998,67.36000000000001,1,1,1.0
149,8,810.76,449.74,117.5,78.91999999999996,1,1,1.0
150,2,210.19,255.9,94.48000000000002,40.12999999999997,1,1,1.0
150,5,9.84,292.69,126.72,60.54000000000002,1,1,1.0
150,7,666.2,228.45,107.94999999999993,67.87,1,1,1.0
150,8,820.43,445.12,115.0,79.75999999999999,1,1,1.0
151,2,210.19,255.9,94.38999999999999,40.41,1,1,1.0
151,5,0.46,294.1,119.14,61.39999999999998,1,1,1.0
151,7,657.66,228.7,109.13999999999999,68.38,1,1,1.0
151,8,830.1,440.5,112.5,80.60000000000002,1,1,1.0
152,2,210.19,255.9,94.31,40.68999999999997,1,1,1.0
152,5,0.46,294.1,99.94000000000001,61.39999999999998,1,1,1.0
152,7,647.2,228.7,113.29999999999995,68.38,1,1,1.0
152,8,836.6,433.95,111.60000000000002,80.60999999999996,1,1,1.0
153,2,210.19,255.9,94.23000000000002,40.97,1,1,1.0
153,5,0.46,295.2,83.04,60.30000000000001,1,1,1.0
153,7,637.8,229.14,114.11000000000001,69.00999999999999,1,1,1.0
153,8,844.07,430.21,110.52999999999997,79.5,1,1,1.0
154,2,210.19,255.9,94.14999999999998,41.24999999999997,1,1,1.0
154,5,0.46,296.8,65.54,58.19999999999999,1,1,1.0
154,7,628.39,229.58,114.94000000000005,69.64000000000001,1,1,1.0
154,8,851.53,426.48,108.47000000000003,78.38999999999999,1,1,1.0
155,2,210.19,255.9,94.07,41.53,1,1,1.0
155,5,0.46,297.9,50.24,57.10000000000002,1,1,1.0
155,7,618.99,230.02,115.75,70.27000000000001,1,1,1.0
155,8,859.0,422.74,101.0,77.28999999999996,1,1,1.0
156,2,210.19,255.9,93.99000000000001,41.809999999999974,1,1,1.0
156,5,0.46,302.3,32.24,56.0,1,1,1.0
156,7,609.58,230.46,116.56999999999994,70.91,1,1,1.0
156,8,866.47,419.0,93.52999999999997,76.19,1,1,1.0
157,2,210.19,255.9,93.91000000000003,42.099999999999994,1,1,1.0
157,5,0.46,302.3,11.54,56.0,1,1,1.0
157,7,600.18,230.9,117.3900000000001,71.53999999999999,1,1,1.0
157,8,873.93,415.26,86.07000000000005,75.07999999999998,1,1,1.0
158,2,210.19,255.9,93.82999999999998,42.37999999999997,1,1,1.0
158,7,590.77,231.34,118.21000000000004,72.16999999999999,1,1,1.0
158,8,881.4,411.52,78.60000000000002,73.98000000000002,1,1,1.0
159,2,210.19,255.9,93.75,42.66,1,1,1.0
159,7,581.37,231.78,119.01999999999998,72.79999999999998,1,1,1.0
159,8,887.52,408.47,72.48000000000002,73.10999999999996,1,1,1.0
160,2,210.19,255.9,93.67000000000002,42.93999999999997,1,1,1.0
160,7,571.97,232.22,119.82999999999993,73.44000000000003,1,1,1.0
160,8,893.64,405.41,66.36000000000001,72.23999999999995,1,1,1.0
161,2,210.19,255.9,93.58999999999997,43.22,1,1,1.0
161,7,562.56,232.66,120.66000000000008,74.07000000000002,1,1,1.0
161,8,899.76,402.36,60.24000000000001,71.37,1,1,1.0
162,2,210.19,255.9,93.50999999999999,43.49999999999997,1,1,1.0
162,7,553.16,233.1,121.47000000000003,74.70000000000002,1,1,1.0
162,8,905.88,399.3,54.120000000000005,70.5,1,1,1.0
163,2,209.94,255.9,93.58999999999997,43.49999999999997,1,1,1.0
163,7,541.46,233.78,122.86000000000001,74.60999999999999,1,1,1.0
163,8,911.24,396.09,48.75999999999999,68.01000000000005,1,1,1.0
164,2,209.69,255.9,93.67000000000002,43.49999999999997,1,1,1.0
164,7,529.77,234.46,124.23000000000002,74.52000000000001,1,1,1.0
164,8,916.97,392.89,43.02999999999997,68.5,1,1,1.0
165,2,209.44,255.9,93.75,43.49999999999997,1,1,1.0
165,7,518.07,235.14,125.62,74.43,1,1,1.0
165,8,922.7,389.68,37.299999999999955,69.00999999999999,1,1,1.0
166,2,209.19,255.9,93.82999999999998,43.49999999999997,1,1,1.0
166,7,506.37,235.82,127.00999999999999,74.34000000000003,1,1,1.0
166,8,928.43,386.48,31.57000000000005,69.5,1,1,1.0
167,2,208.94,255.9,93.91000000000003,43.49999999999997,1,1,1.0
167,7,494.68,236.5,128.39000000000004,74.25,1,1,1.0
167,8,934.17,383.28,25.83000000000004,70.0,1,1,1.0
168,2,208.7,255.9,93.98000000000002,43.49999999999997,1,1,1.0
168,7,482.98,237.18,129.76999999999998,74.15999999999997,1,1,1.0
168,8,939.9,380.07,20.100000000000023,70.5,1,1,1.0
169,2,208.45,255.9,94.06,43.49999999999997,1,1,1.0
169,7,471.29,237.86,131.15000000000003,74.07,1,1,1.0
170,2,208.2,255.9,94.13999999999999,43.49999999999997,1,1,1.0
170,7,459.59,238.54,132.54000000000002,73.97999999999999,1,1,1.0
171,2,207.95,255.9,94.22000000000003,43.49999999999997,1,1,1.0
171,7,447.9,239.22,133.90999999999997,73.89000000000001,1,1,1.0
172,2,207.7,255.9,94.30000000000001,43.49999999999997,1,1,1.0
172,7,436.2,239.9,135.3,73.79999999999998,1,1,1.0
173,2,207.76,255.9,93.21000000000004,43.22999999999999,1,1,1.0
173,7,425.13,239.83,135.51999999999998,74.72,1,1,1.0
174,2,207.81,255.9,92.13,42.95000000000002,1,1,1.0
174,7,414.07,239.77,135.72999999999996,75.62999999999997,1,1,1.0
175,2,207.87,255.9,91.04000000000002,42.67999999999998,1,1,1.0
175,7,403.0,239.7,135.95000000000005,76.55000000000001,1,1,1.0
176,2,207.93,255.9,89.94,42.400000000000006,1,1,1.0
176,7,391.94,239.63,136.16000000000003,77.47000000000003,1,1,1.0
177,2,207.98,255.9,88.85999999999999,42.12999999999997,1,1,1.0
177,7,380.87,239.57,136.38,78.38,1,1,1.0
178,2,208.04,255.9,87.77000000000001,41.849999999999994,1,1,1.0
178,7,369.81,239.5,136.58999999999997,79.30000000000001,1,1,1.0
179,2,208.09,255.9,86.68999999999997,41.58000000000001,1,1,1.0
179,7,358.22,240.01,137.34999999999997,79.30000000000001,1,1,1.0
180,2,208.15,255.9,85.6,41.29999999999998,1,1,1.0
180,7,346.63,240.51,138.11,79.30000000000001,1,1,1.0
181,2,208.21,255.9,84.51000000000002,41.03,1,1,1.0
181,7,335.04,241.02,138.87,79.29999999999998,1,1,1.0
182,2,208.26,255.9,83.43,40.74999999999997,1,1,1.0
182,7,323.44,241.53,139.64,79.29999999999998,1,1,1.0
183,2,208.32,255.9,82.34000000000003,40.47999999999999,1,1,1.0
183,7,311.85,242.04,140.39999999999998,79.29999999999998,1,1,1.0
184,2,208.37,255.9,81.25,40.20000000000002,1,1,1.0
184,7,300.26,242.54,141.16000000000003,79.29999999999998,1,1,1.0
185,2,208.43,255.9,80.15999999999997,39.92999999999998,1,1,1.0
185,7,288.67,243.05,141.91999999999996,79.30000000000001,1,1,1.0
186,2,208.49,255.9,79.07,39.650000000000006,1,1,1.0
186,7,277.08,243.56,142.68,79.30000000000001,1,1,1.0
187,2,208.54,255.9,77.98999999999998,39.37999999999997,1,1,1.0
187,7,265.49,244.06,143.44,79.30000000000001,1,1,1.0
188,2,208.6,255.9,76.9,39.099999999999994,1,1,1.0
188,7,253.9,244.57,144.20000000000002,79.30000000000001,1,1,1.0
189,2,208.6,255.9,64.04999999999998,39.099999999999994,1,1,1.0
189,7,241.05,245.19,145.22999999999996,79.89999999999998,1,1,1.0
190,2,208.6,255.9,51.20000000000002,39.099999999999994,1,1,1.0
190,7,228.2,245.8,146.27000000000004,80.51999999999998,1,1,1.0
